name: Fake
nch: 720
ftop: 863.4907407407404
fbottom: 743.4907407407406
tsamp: 0.001728
